110539965
228936218
-1001095935135
189810922
75058566
-142908034
247863132
-1001076806212
267127348
-1001076340423
116776761
224439835
52501554
222654910
-1001061275146
210761970
218611250
187820098
-1001083343387
-1001068585352
104936547
94244721
233503938
98097025
32679580
-1001013273967
221626295
129760419
92255504
131232407
235800148
216320099
120399119
141784931
67301475
-1001069637140
139374223
46853604
222432418
80653186
214391331
185825496
189501898
116454841
-1001052202194
184413821
113333440
-1001082111531
118942366
264551714
-1001052816884
-1001068213347
113451097
158586343
159887854
206639400
104657260
240706774
-175471173
-1001099958501
101573604
-1001079058495
104173019
-1001082823015
65018594
-1001077485101
108370101
-1001070852931
208353023
-1001086117179
203579984
56693692
-1001055621266
250877155
-1001064293950
197221710
103313942
-1001018943064
-1001072430643
231555083
121947964
108750386
116987182
-161313761
268897078
-1001083867656
193740082
102299159
171791161
-1001058748840
-1001074891566
110953504
-1001097993657
-156311663
36992966
-1001078922604
-1001058209705
253563002
202640295
222746018
238773538
76302963
110980966
115416183
55601415
-1001028639712
-143835687
255872558
-1001054072554
-1001067596760
70980478
238408715
-114481898
100586629
-1001072098755
-26994435
108578799
57426332
253364622
268596368
-1001055926366
213746764
32347781
127249737
257878740
234067532
-1001094239747
-1001079608745
253204747
161839210
123755887
190520433
-165763735
-1001078890684
149769155
-155693522
-1001091797262
105925045
120880404
257298406
100096055
-1001090293398
-1001053691167
268143910
258455477
204580010
208094932
192593495
260379911
50334606
-1001050406882
-1001058235535
95220628
177256044
106712898
116756233
252129834
-178995529
-1001092381428
97896340
-1001096332234
-1001049100389
-1001083001093
-122984673
120227592
111614148
-162615526
-1001066595545
113741799
201997058
-1001083061150
231135039
-1001044389349
79428928
208108852
179978375
-1001055155295
202997631
244617540
-1001052400410
144586471
249357685
156680976
-1001054882204
-1001056493042
155201965
-1001076825578
-1001074674247
-130760541
190007118
152594509
266779177
-166206977
281657384
266909347
191281336
87650016
-124146766
115681024
-1001070679052
217812618
253309497
196692576
-1001098837403
-1001081604619
-1001065950067
120781778
-1001093211546
-1001072404184
-1001087126893
-1001078019211
234847573
-1001057045486
95517967
-1001092255609
-172434038
-166800913
222915767
-126050795
-145300185
-144382267
74844310
-14059592
-1001085664729
238776043
-1001077339876
206078965
117148206
266945190
252941128
252970787
-1001068385798
58937316
239957399
-1001074521838
-64000271
213111916
228812757
-143777557
229373720
252627216
-170576276
-144324918
241836417
247641633
228259630
196356346
201921252
234352533
141539956
-1001072289176
254707131
267173746
93152148
-112370476
-121789632
74418077
252977442
-129483927
70821687
80882965
269147147
-1001084946021
223410219
-1001081465783
-157940050
-1001090793538
186172417
-155202846
124763496
96456696
-1001051016247
86853555
206454355
156490452
205402676
231016560
258304229
91735950
-179039264
-1001083990707
176552955
179535113
-177703030
-129898992
239160071
-176267719
214899893
80202375
-1001071930416
258303354
130015871
220257356
-1001061058640
128372340
-117204263
-111295267
-1001051530876
129125894
-134409717
40754744
238910961
-152181512
69403516
195880712
-147423807
178742260
219109432
272825647
281763796
206672951
-1001078470896
143200
282352592
239471633
257040061
-136917966
-1001056629212
224433840
-157567081
290241421
-1001090321405
-1001073256837
-1001078540180
142012388
-1001074109551
251990276
70482073
-1001057779567
239451849
204291405
-1001051080116
-1001057115901
-1001059968448
241534790
-1001077831597
-126349341
237348390
260848962
-1001056075378
269946332
-1001083122416
256782547
121762531
-1001069186319
170440505
244667189
204303119
196518962
150337504
-155830183
-1001087089558
-1001074165957
90281488
271711253
-1001091984110
291660651
109098523
-142878466
-32302530
-144899488
242785755
78563110
-161831948
129439375
-99728220
128329799
-1001075524532
-1001051027949
-156449525
-160681798
123974394
117066165
-171329589
-156563977
247391824
-1001095527433
258840646
-168370613
22853855
62194479
-1001082269458
-1001073814272
-165701188
119093225
-158909062
249048465
-168875694
251445021
-1001092493323
228360764
-1001091630772
-1001074642060
-155098396
78966661
131113994
99508435
-1001079196603
-1001069456474
-1001072056398
237814376
